-6	3
-6	3
-6	3
-6	3
-6	3
-6	3
-6	3
-6	3
-6	3
-6	3
-6	3
-6	3
-6	3
-6	3
-6	3
-6	3
-6	3
-6	3
-6	3
-6	3
-6	3
-6	3
-6	3
-6	3
-6	3
-6	3
-6	3
-6	3
-6	3
-6	3
-6	3
-6	3
-6	3
-6	3
-6	3
-6	3
-6	3
-6	3
-6	3
-6	3
-6	3
-6	3
-6	3
-6	3
-6	3
-6	3
-6	3
-6	3
-6	3
-6	3
-6	3
-6	3
-6	3
-6	3
-6	3
-6	3
-6	3
-6	3
-6	3
-6	3
-6	3
-6	3
-6	3
-6	3
-6	3
-6	3
-6	3
-6	3
-6	3
-6	3
-6	3
-6	3
-6	3
-6	3
-6	3
-6	3
-6	3
-6	3
-6	3
-6	3
-6	3
-6	3
-6	3
-6	3
-6	3
-6	3
-6	3
-6	3
-6	3
-6	3
-6	3
-6	3
-6	3
-6	3
-6	3
-6	3
-6	3
-6	3
-6	3
-6	3
-6	3
-6	3
-6	3
-6	3
-6	3
-6	3
-6	3
-6	3
-6	3
-6	3
-6	3
-6	3
-6	3
-6	3
-6	3
-6	3
-6	3
-6	3
-6	3
-6	3
-6	3
-6	3
-6	3
-7	3
-6	3
-6	3
-7	3
-5	2
-5	3
-7	3
-8	5
-6	13
-4	18
-8	12
-15	3
-16	-6
-15	-5
-10	-1
-4	5
-5	15
-7	18
-8	15
-13	15
-12	21
-6	20
-2	23
-2	27
-4	23
-5	21
-4	24
-3	24
-1	25
-1	24
-1	21
0	19
1	17
2	10
-2	-13
-10	-24
-14	-34
-15	-42
-13	-40
-13	-37
-13	-33
-15	-30
-16	-30
-15	-25
-12	-18
-11	-16
-10	-11
-8	-7
-8	-3
-5	12
-4	25
-2	31
0	34
-1	36
-3	35
-3	38
-1	48
3	52
4	46
2	38
-1	29
-5	16
-6	4
-7	-5
-8	-18
-8	-18
-9	-17
-10	-23
-11	-22
-10	-23
-7	-27
-6	-25
-6	-24
-8	-21
-10	-19
-10	-12
-8	-4
-5	6
-4	9
-4	10
-5	9
-5	11
-6	14
-6	14
-6	13
-6	11
-6	8
-5	6
-5	4
-5	2
-6	1
-6	1
-6	2
-6	3
-7	3
-7	3
-6	2
-6	3
-6	3
-6	3
-6	3
-6	3
-7	3
-9	3
-14	3
-26	5
-36	6
-41	3
-43	1
-47	1
-47	-1
-39	-6
-27	-2
-11	2
1	4
7	3
17	2
24	7
28	6
28	0
28	1
30	8
30	5
29	1
29	8
31	7
34	2
39	-5
42	-20
38	-24
27	-17
-5	1
-16	10
-15	18
-19	17
-32	13
-40	12
-43	13
-43	9
-44	6
-44	2
-47	-1
-48	0
-44	-4
-44	-6
-45	2
-45	4
-41	3
-37	4
-31	5
-24	3
-13	3
2	5
18	2
28	3
36	5
39	4
38	5
34	8
31	10
33	6
35	3
34	-2
31	-7
24	-10
18	-9
10	-11
5	-8
-3	3
-16	10
-33	15
-39	18
-41	18
-42	18
-43	13
-43	3
-45	0
-44	-1
-43	-5
-48	-1
-51	4
-51	3
-46	2
-39	1
-32	2
-22	4
-11	5
3	5
16	5
26	5
35	4
39	3
39	1
35	2
32	5
33	8
33	5
33	-1
30	-7
27	-11
20	-14
14	-11
8	-10
5	-9
2	-7
-3	2
-13	8
-24	11
-34	14
-37	18
-39	20
-41	18
-45	13
-48	9
-49	9
-49	8
-47	4
-45	3
-42	7
-39	9
-28	7
-18	3
-5	4
4	6
9	6
12	3
14	1
16	1
20	2
21	2
19	1
11	-1
4	0
-3	0
-8	-1
-9	-2
-5	1
-1	4
2	6
3	7
1	6
0	5
-1	5
-1	4
-2	3
-4	0
-5	0
-5	0
-5	-1
-6	-2
-6	-3
-7	-1
-8	-1
-9	-2
-8	-3
-6	-1
-6	-1
-7	-1
-6	-1
-7	-1
-8	-2
-7	-6
-5	4
-6	3
-6	3
-6	3
-6	3
-6	3
-6	3
-6	3
-6	3
-6	3
-6	3
-6	3
-6	3
-6	3
-6	3
-6	3
-6	3
-6	3
-6	3
-6	3
-6	3
-6	3
-6	3
-6	3
-6	3
-6	3
-6	3
-6	3
-6	3
-6	3
-6	3
-6	3
-6	3
-6	3
-6	3
-6	3
-6	3
-6	3
-6	3
-6	3
-6	3
-6	3
-6	3
-6	3
-6	3
-6	3
-6	3
-6	3
-6	3
-6	3
-6	3
-6	3
-6	3
-6	3
-6	3
-6	3
-6	3
-6	3
-6	3
-6	3
-6	3
-6	3
-6	3
-6	3
-6	3
-6	3
-6	3
-6	3
-6	3
-6	3
-6	3
-6	3
-6	3
-6	3
-6	3
-6	3
-6	3
-6	3
-6	3
-6	3
-6	3
-6	3
-6	3
-6	3
-6	3
-6	3
-6	3
-6	3
-6	3
-6	3
-6	3
-6	3
-6	3
-6	3
-6	3
-6	3
-6	3
-6	3
-6	3
-6	3
-6	3
-6	3
-6	3
-6	3
-6	3
-6	3
-6	3
-6	3
-6	3
-6	3
-6	3
-6	3
-6	3
-6	3
-6	3
-6	3
-6	3
-6	3
-6	3
-6	3
-6	3
-6	3
-6	3
-6	3
-6	3
-6	3
-6	3
-6	3
-6	3
-6	3
-6	3
-6	3
-6	3
-6	3
-6	3
-6	3
-6	3
-6	3
-6	3
-6	3
-6	3
-6	3
-6	3
-6	3
-6	3
-6	3
-6	3
-6	3
-6	3
-6	3
-6	3
-6	3
-6	3
-6	3
-6	3
-6	3
-6	3
-6	3
-6	3
-6	3
-6	3
-6	3
-6	3
-6	3
-6	3
-6	3
-6	3
-6	3
-6	3
-6	3
-6	3
-6	3
-6	3
-6	3
-6	3
-6	3
-6	3
-6	3
-6	3
-6	3
-6	3
-6	3
-6	3
-6	3
-6	3
-6	3
-6	3
-6	3
-6	3
-6	3
-6	3
-6	3
-6	3
-6	3
-6	3
-6	3
-6	3
-7	3
-7	3
-7	3
-8	3
-7	6
-7	7
-8	2
-11	0
-11	0
-7	1
-7	2
-8	-2
-9	0
-13	0
-16	2
-18	8
-19	11
-18	12
-19	10
-19	11
-19	12
-18	11
-18	14
-15	11
-14	6
-12	8
-11	7
-9	7
-9	9
-10	8
-9	8
-11	7
-12	8
-10	6
-10	3
-9	5
-8	5
-9	4
-9	6
-8	6
-9	3
-10	2
-9	3
-9	4
-8	2
-6	9
-8	12
-9	8
-8	0
-7	-1
-6	1
-5	0
-4	-2
-3	-4
-7	1
-9	4
-9	4
-8	3
-7	0
-5	3
-7	1
-7	2
-6	1
-5	0
-5	1
-3	-1
-4	-2
-5	-3
-4	-5
-4	-5
-4	1
-5	5
-6	4
-6	0
-5	0
-6	3
-6	4
-5	3
-6	4
-6	4
-6	4
-6	4
-6	3
-6	2
-6	2
-6	2
-6	2
-6	3
-6	4
-6	3
-6	2
-6	4
-6	4
-6	6
-5	24
-7	45
-5	64
-6	76
-5	83
-3	81
-6	51
-6	9
-6	-37
-5	-62
-6	-69
-6	-67
-6	-64
-8	-58
-9	-38
-8	-10
-6	23
-5	57
-5	90
-5	95
-5	74
-6	51
-4	1
-5	-28
-7	-50
-7	-62
-7	-69
-7	-56
-6	-32
-5	6
-6	25
-6	52
-5	75
-6	85
-6	70
-5	37
-4	-2
-5	-42
-5	-61
-5	-67
-6	-60
-6	-31
-5	0
-5	27
-6	54
-7	69
-6	77
-7	62
-6	24
-5	-1
-7	-31
-8	-52
-7	-71
-7	-67
-7	-40
-6	-4
-5	26
-6	48
-7	64
-7	72
-7	56
-6	32
-5	-14
-5	-30
-6	-29
-7	-19
-8	-21
-6	-33
-6	-37
-6	-33
-6	-18
-6	-3
-5	16
-5	36
-6	61
-6	73
-6	59
-7	35
-5	10
-6	-11
-7	-29
-6	-55
-7	-65
-7	-58
-7	-31
-7	-7
-6	14
-6	37
-7	62
-6	76
-6	76
-7	53
-5	4
-6	-29
-7	-64
-8	-89
-7	-80
-6	-42
-4	7
-6	48
-7	81
-7	102
-8	81
-7	34
-5	-33
-5	-81
-6	-95
-7	-79
-3	-35
-4	42
-6	89
-7	109
-7	85
-5	29
-5	-41
-6	-74
-8	-97
-8	-91
-6	-38
-4	37
-6	70
-7	103
-7	100
-6	62
-5	-24
-6	-83
-8	-105
-8	-92
-5	-35
-4	32
-6	96
-8	134
-7	86
-7	-11
-7	-96
-7	-105
-6	-96
-4	-14
-5	95
-9	135
-9	115
-8	24
-7	-77
-7	-105
-5	-102
-3	-3
-5	82
-8	131
-7	111
-7	21
-6	-85
-4	-105
-2	-94
-4	1
-3	93
-11	136
-10	86
-8	-59
-6	-105
-2	-104
-3	-28
-3	72
-8	135
-10	111
-7	3
-6	-96
-5	-105
-2	-93
-5	19
-4	97
-8	125
-8	25
-7	-78
-4	-105
-1	-83
-5	23
-6	96
-8	112
-8	53
-7	-66
-5	-98
-3	-72
-6	6
-6	93
-7	86
-7	19
-8	-59
-5	-86
-3	-53
-5	22
-6	78
-8	81
-6	30
-7	-39
-6	-64
-5	-40
-7	11
-7	28
-5	16
-6	-2
-6	-9
-6	-5
-6	4
-5	5
-3	0
1	-2
11	-3
19	-4
25	-5
27	-5
19	0
11	2
2	1
-7	1
-16	3
-25	0
-29	3
-33	9
-38	15
-39	15
-41	15
-41	11
-39	3
-37	-3
-30	-5
-19	-5
-4	1
7	4
19	1
31	-3
39	-6
40	-3
39	1
35	3
27	4
9	2
-4	1
-18	1
-34	2
-44	2
-50	3
-55	11
-53	16
-47	15
-39	14
-25	11
-8	5
6	0
21	-3
30	-7
33	-7
36	-3
34	0
24	0
9	-4
-5	-9
-16	-9
-25	-4
-32	6
-30	11
-26	16
-18	20
-19	21
-16	18
-11	11
-2	0
7	-3
14	-3
20	-4
22	-6
24	-13
20	-12
10	-7
-3	-4
-22	3
-31	7
-37	12
-39	20
-38	19
-34	15
-24	7
-8	2
6	-1
17	-5
25	-8
29	-9
27	-8
24	-6
19	-2
4	2
-11	6
-22	11
-34	15
-47	17
-51	16
-47	18
-36	15
-22	7
-5	-3
9	-3
18	-5
24	-4
28	-5
26	-9
25	-9
18	-6
9	-5
-2	-1
-18	6
-29	10
-38	15
-44	16
-44	15
-38	18
-30	13
-17	8
0	1
12	-1
23	-1
30	-2
33	-5
31	-10
26	-10
15	-5
2	-1
-11	1
-26	8
-39	11
-48	11
-47	12
-45	18
-38	19
-25	9
-5	2
10	-2
21	-3
28	-2
32	-3
33	-6
27	-13
18	-9
5	-3
-11	2
-26	8
-37	13
-47	14
-50	14
-46	20
-40	22
-25	12
-7	0
13	-5
26	-8
32	-15
36	-17
32	-14
27	-9
19	-4
9	-3
-5	1
-17	5
-31	9
-43	12
-50	18
-52	21
-46	16
-34	10
-15	3
5	3
20	1
36	-3
42	-4
45	-3
41	-7
30	-9
16	-5
-8	2
-26	6
-45	13
-53	16
-58	21
-55	20
-42	18
-27	10
-11	0
4	0
18	1
29	-1
39	-4
42	-8
41	-8
36	-7
24	-6
7	-2
-16	3
-30	7
-41	9
-49	12
-51	14
-45	13
-32	10
-11	4
-1	0
7	-2
7	-2
3	0
-2	3
-7	3
-8	3
-7	3
-7	2
-6	3
-5	3
-5	3
-6	3
-6	3
-6	3
-6	3
-6	3
-6	3
-6	3
-6	3
-6	4
-6	6
-6	10
-6	13
-6	19
-5	24
-6	29
-7	27
-6	15
-4	-2
1	-17
5	-27
10	-37
11	-40
5	-40
-5	-35
-11	-19
-10	-1
-9	5
-11	16
-13	26
-15	37
-17	43
-18	41
-14	33
-8	21
-5	7
-1	-9
1	-22
2	-29
-1	-33
-7	-28
-6	-19
-6	-12
-7	-4
-8	2
-9	8
-10	12
-9	10
-8	7
-11	1
-6	14
-3	23
-4	24
-4	29
-3	33
-4	30
-7	26
-9	32
-10	31
-8	32
-6	19
-5	-1
-5	-23
-1	-40
2	-45
3	-43
3	-37
0	-31
-5	-26
-6	-21
-5	-16
-5	-3
-7	15
-8	42
-7	62
-9	65
-7	61
-7	50
-8	37
-5	34
-5	31
-5	24
-5	7
-5	-15
-6	-37
-7	-42
-6	-40
-6	-37
-5	-34
-6	-36
-6	-33
-5	-32
-5	-26
-6	-8
-7	29
-7	60
-8	64
-10	55
-7	45
-6	42
-6	45
-5	48
-5	37
-5	13
-5	-17
-6	-44
-6	-60
-5	-62
-6	-47
-4	-37
-6	-34
-6	-30
-6	-23
-7	-6
-8	14
-8	42
-8	64
-7	65
-9	52
-6	44
-6	39
-5	34
-4	21
-4	-3
-5	-31
-7	-55
-6	-65
-7	-59
-6	-48
-6	-39
-7	-32
-7	-28
-7	-18
-7	7
-7	35
-8	65
-9	77
-11	76
-7	74
-8	61
-8	45
-5	27
-6	-5
-6	-36
-6	-65
-5	-79
-4	-69
-3	-56
-5	-42
-7	-25
-6	-14
-7	0
-9	26
-9	64
-9	88
-10	82
-12	67
-9	56
-8	39
-5	21
-4	-3
-5	-44
-5	-73
-5	-81
-5	-71
-4	-52
-4	-36
-6	-23
-6	-13
-8	-6
-9	14
-8	49
-9	83
-10	86
-11	75
-7	61
-8	46
-8	34
-3	13
-5	-20
-5	-52
-5	-74
-5	-73
-3	-64
-3	-49
-4	-33
-5	-24
-8	-10
-10	7
-9	36
-10	60
-10	76
-8	78
-9	70
-8	58
-6	42
-6	20
-4	-7
-4	-24
-4	-29
-4	-30
-3	-29
-2	-21
-2	-15
-2	-7
0	-2
1	-2
3	1
5	2
7	-11
9	-19
10	-19
9	-23
11	-24
12	-17
11	-13
11	-15
9	-16
8	-15
4	-13
0	-11
-1	-5
-3	-3
-5	-2
-4	-2
-5	-1
-6	1
-5	2
-2	3
-1	3
0	2
-3	4
-5	3
-7	2
-8	3
-7	3
-6	5
-6	6
-6	-2
-6	-4
-6	-4
-6	-5
-7	-5
-7	-5
-6	-4
-6	-4
-6	-4
-7	-4
-6	-4
-6	-3
-6	4
-5	3
-6	3
-6	3
-6	3
-6	3
-6	2
-6	3
-6	3
-6	3
-6	3
-6	3
-6	3
-6	3
-6	3
-6	3
-6	3
-6	3
-6	3
-6	3
-6	3
-6	3
-6	3
-6	3
-6	3
-6	3
-6	3
-6	3
-6	3
-6	3
-6	3
-6	3
-6	3
-6	3
-6	3
-6	3
-6	3
-6	3
-6	3
-6	3
-6	3
-6	3
-6	3
-6	3
-6	3
-6	3
-6	3
-6	3
-6	3
-6	3
-6	3
-6	3
-6	3
-6	3
-6	3
-6	3
-6	3
-6	3
-6	3
-6	3
-6	3
-6	3
-6	3
-6	3
-6	3
-6	3
-6	3
-6	3
-6	3
-6	3
-6	3
-6	3
-6	3
-6	3
-6	3
-6	3
-6	3
-6	3
-6	3
-6	3
-6	3
-6	3
-6	3
-6	3
-6	3
-6	3
-6	3
-6	3
-6	3
-6	3
-6	3
-6	3
-6	3
-6	3
-6	3
-6	3
-6	3
-6	3
-6	3
-6	3
-6	3
-6	3
-6	3
-6	3
-6	3
-6	3
-6	3
-6	3
-6	3
-6	3
-6	3
-6	3
-6	3
-6	3
-6	3
-6	3
-6	3
-6	3
-6	3
-6	3
-6	3
-6	3
-6	3
-6	3
-6	3
-6	3
-6	3
-6	3
-6	3
-6	3
-6	3
-6	3
-6	3
-6	3
-6	3
-6	3
-6	3
-6	3
-6	3
-6	3
-6	3
-6	3
-6	3
-6	3
-6	3
-6	3
-6	3
-6	3
-6	3
-6	3
-6	3
-6	3
-6	3
-6	3
-6	3
-6	3
-6	3
-6	3
-6	3
-6	3
-6	3
-6	3
-6	3
-6	3
-6	3
-6	3
-6	3
-6	3
-6	3
-6	3
-6	3
-6	3
-6	3
-6	3
-6	3
-6	3
-6	3
-6	3
-6	3
-6	3
-6	3
-6	3
-6	3
-6	3
-6	3
-6	3
-6	3
-6	3
-6	3
-6	3
-6	3
-6	3
-6	3
-6	3
-6	3
-6	3
-6	3
-6	3
-6	3
-6	3
-6	3
-6	3
-6	3
-6	3
-6	3
-6	3
-6	3
-6	3
-6	3
-6	3
-6	3
-6	3
-6	3
-6	3
-6	3
-6	3
-6	3
-6	3
-6	3
-6	3
-6	3
-6	3
-6	3
-6	3
-6	3
-6	3
-6	3
-6	3
-6	3
-6	3
-6	3
-6	3
-6	3
-6	3
-6	3
-6	3
-6	3
-6	3
-6	3
-6	3
-6	3
-6	3
-6	3
-6	3
-6	3
-6	3
-6	3
-6	3
-6	3
-6	3
-6	3
-6	3
-6	3
-6	3
-6	3
-6	3
-6	3
-6	3
-6	3
-6	3
-6	3
-6	3
-6	3
-6	3
-6	3
-6	3
-6	3
-6	3
-6	3
-6	3
-6	3
-6	3
-6	3
-6	3
-6	3
-6	3
-6	3
-6	3
-6	3
-6	3
-6	3
-6	3
-6	3
-6	3
-6	3
-6	3
-6	3
-6	3
-6	3
-6	3
-6	3
-6	3
-6	3
-6	3
-6	3
-6	3
-6	3
-6	3
-6	3
-6	3
-6	3
-6	3
-6	3
-6	3
-6	3
-6	3
-6	3
-6	3
-6	3
-6	3
-6	3
-6	3
-6	3
-6	3
-6	3
-6	3
-6	3
-6	3
-6	3
-6	3
-6	3
-6	3
-6	3
-6	3
-6	3
-6	3
-6	3
-6	3
-6	3
-6	3
-6	3
-6	3
-6	3
-6	3
-6	3
-6	3
-6	3
-6	3
-6	3
-6	3
-6	3
-6	3
-6	3
-6	3
-6	3
-6	3
-6	3
-6	3
-6	3
-6	3
-6	3
-6	3
-6	3
-6	3
-6	3
-6	3
-6	3
-6	3
-6	3
-6	3
-6	3
-6	3
-6	3
-6	3
-6	3
-6	3
-6	3
-6	3
-6	3
-6	3
-6	3
-6	3
-6	3
-6	3
-6	3
-6	3
-6	3
-6	3
-6	3
-6	3
-6	3
-6	3
-6	3
-6	3
-6	3
-6	3
-6	3
-6	3
-6	3
-6	3
-6	3
-6	3
-6	3
-6	3
-6	3
-6	3
-6	3
-6	3
-6	3
-6	3
-6	3
-6	3
-6	3
-6	3
-6	3
-6	3
-6	3
-6	3
-6	3
-6	3
-6	3
-6	3
-6	3
-6	3
-6	3
-6	3
-6	3
-6	3
-6	3
-6	3
-6	3
-6	3
-6	3
-6	3
-6	3
-6	3
-6	3
-6	3
-6	3
-6	3
-6	3
-6	3
-6	3
-6	3
-6	3
-6	3
-6	3
-6	3
-6	3
-6	3
-6	3
-6	3
-6	3
-6	3
-6	3
-6	3
-6	3
-6	3
-6	3
-6	3
-6	3
-6	3
-6	3
-6	3
-6	3
-6	3
-6	3
-6	3
-6	3
-6	3
-6	3
-6	3
-6	3
-6	3
-6	3
-6	3
-6	3
-6	3
-6	3
-6	3
-6	3
-6	3
-6	3
-6	3
-6	3
-6	3
-6	3
-6	3
-6	3
-6	3
-6	3
-6	3
-6	3
-6	3
-6	3
-6	3
-6	3
-6	3
-6	3
-6	3
-6	3
-6	3
-6	3
-6	3
-6	3
-6	3
-6	3
-6	3
-6	3
-6	3
-6	3
-6	3
-6	3
-6	3
-6	3
-6	3
-6	3
-6	3
-6	3
-6	3
-6	3
-6	3
-6	3
-6	3
-6	3
-6	3
-6	3
-6	3
-6	3
-6	3
-6	3
-6	3
-6	3
-6	3
-6	3
-6	3
-6	3
-6	3
-6	3
-6	3
-6	3
-6	3
-6	3
-6	3
-6	3
-6	3
-6	3
-6	3
-6	3
-6	3
-6	3
-6	3
-6	3
-6	3
-6	3
-6	3
-6	3
-6	3
-6	3
-6	3
-6	3
-6	3
-6	3
-6	3
-6	3
-6	3
-6	3
-6	3
-6	3
-6	3
-6	3
-6	3
-6	3
-6	3
-6	3
-6	3
-6	3
-6	3
-6	3
-6	3
-6	3
-6	3
-6	3
-6	3
-6	3
-6	3
-6	3
-6	3
-6	3
-7	3
-6	3
-6	3
-6	3
-6	3
-6	3
-6	3
-6	3
-6	3
-6	3
-6	3
-6	3
-6	3
-6	3
-6	3
-6	3
-6	3
-6	3
-6	3
-6	3
-6	3
-6	3
-6	3
-6	3
-6	3
-6	3
-6	3
-6	3
-6	3
-6	3
